             1.0592633240            -0.0027017495            -0.4289253367             0.0076529832            -0.0001716449             0.0265556034            -0.0593324427            -0.0356495819             1.8372593760             1.8210625148             0.0602644493            -0.1198312515            -0.0246799717             0.0064259790            -0.0028797587             0.0003551386            -0.0003368610             0.0009692978             0.0045612895             0.0000298767             0.0001628861            -0.0018894202             0.0000659593             0.0280602792             0.0000000000             0.0000000000             0.0000000000             0.0000000000             0.0000000000             0.0000000000             0.0000000000             0.0000000000             0.0000000000             0.0000000000             0.0000000000             0.0000000000
            -0.0027017495             0.5470222031             0.0707391123            -0.0005006890             0.0040457948             0.0038611418             0.0110885994            -0.0293798458            -0.2059942404            -0.1798614644            -0.0341051301             0.0342155407            -0.0094496039             0.0015094106            -0.0057010187             0.0012512577            -0.0000681919            -0.0006211819             0.0008133637             0.0001709418             0.0000291780            -0.0007742973             0.0030804009             0.0199326423             0.0000000000             0.0000000000             0.0000000000             0.0000000000             0.0000000000             0.0000000000             0.0000000000             0.0000000000             0.0000000000             0.0000000000             0.0000000000             0.0000000000
            -0.4289253367             0.0707391123             0.9090477025            -0.0010328313             0.0037972635            -0.0245683460             0.0940102282            -0.0032824007            -1.6060333310            -1.6245947737            -0.0259475616             0.0887128003             0.0131940970             0.0001111545             0.0007568691             0.0109601821             0.0002765728            -0.0010610566            -0.0033936712             0.0001685226             0.0000137745             0.0029816359             0.0065201629            -0.0001142043             0.0000000000             0.0000000000             0.0000000000             0.0000000000             0.0000000000             0.0000000000             0.0000000000             0.0000000000             0.0000000000             0.0000000000             0.0000000000             0.0000000000
             0.0076529832            -0.0005006890            -0.0010328313             0.3834635394             0.0037440741             0.0011362309            -0.0001309555             0.0000154699            -0.0151124651             0.0132590006            -0.0012054373             0.0013473754             0.0000337085             0.0000132832            -0.0000170127            -0.0001758009            -0.0000951942            -0.0000583333             0.0001085768            -0.0000326042             0.0002136632             0.0002664946             0.0001669690            -0.0002277625             0.0000000000             0.0000000000             0.0000000000             0.0000000000             0.0000000000             0.0000000000             0.0000000000             0.0000000000             0.0000000000             0.0000000000             0.0000000000             0.0000000000
            -0.0001716449             0.0040457948             0.0037972635             0.0037440741             0.3843957965             0.0034805070             0.0007760418            -0.0000218579            -0.0083642723            -0.0390866264             0.0009802978            -0.0012195242             0.0003342776             0.0000581517            -0.0003505354            -0.0000117920             0.0003293375            -0.0000555145            -0.0005518107            -0.0001315582            -0.0002219467             0.0004166792             0.0000776359            -0.0004542787             0.0000000000             0.0000000000             0.0000000000             0.0000000000             0.0000000000             0.0000000000             0.0000000000             0.0000000000             0.0000000000             0.0000000000             0.0000000000             0.0000000000
             0.0265556034             0.0038611418            -0.0245683460             0.0011362309             0.0034805070             0.3881023960             0.0013671987            -0.0002492476             0.0998351386             0.1101541828             0.0013700950            -0.0025635722             0.0013550602            -0.0002677360            -0.0002307185            -0.0006299449             0.0003188000             0.0032509564            -0.0000807125            -0.0001798641             0.0000955164            -0.0018705436            -0.0017800703             0.0005503970             0.0000000000             0.0000000000             0.0000000000             0.0000000000             0.0000000000             0.0000000000             0.0000000000             0.0000000000             0.0000000000             0.0000000000             0.0000000000             0.0000000000
            -0.0593324427             0.0110885994             0.0940102282            -0.0001309555             0.0007760418             0.0013671987             0.3471217326            -0.0122909157            -0.2297382208            -0.2242697751            -0.0032132504             0.0045323104             0.0649394564            -0.0024817850             0.0025634816            -0.0000017890            -0.0001798491            -0.0012802949            -0.0016038778             0.0001041637            -0.0004345957             0.0009812990             0.0078503919             0.0034805813             0.0000000000             0.0000000000             0.0000000000             0.0000000000             0.0000000000             0.0000000000             0.0000000000             0.0000000000             0.0000000000             0.0000000000             0.0000000000             0.0000000000
            -0.0356495819            -0.0293798458            -0.0032824007             0.0000154699            -0.0000218579            -0.0002492476            -0.0122909157             0.4142414336            -0.0227338769            -0.0187243795            -0.0007179151            -0.0002579912             0.0104930558            -0.0006839640             0.0002997998            -0.0005083341            -0.0001044987            -0.0003337240            -0.0029774972             0.0000563004            -0.0003595698             0.0004975920             0.0088169124             0.0254123659             0.0000000000             0.0000000000             0.0000000000             0.0000000000             0.0000000000             0.0000000000             0.0000000000             0.0000000000             0.0000000000             0.0000000000             0.0000000000             0.0000000000
             1.8372593760            -0.2059942404            -1.6060333310            -0.0151124651            -0.0083642723             0.0998351386            -0.2297382208            -0.0227338769             6.8376729406             6.5453169311             0.1224228758            -0.5152093802            -0.0474676629             0.0028811484            -0.0010856381            -0.0014249589            -0.0015788642             0.0033391598             0.0156892077             0.0003096053             0.0002557116            -0.0042557903            -0.0095181048             0.0247227930             0.0000000000             0.0000000000             0.0000000000             0.0000000000             0.0000000000             0.0000000000             0.0000000000             0.0000000000             0.0000000000             0.0000000000             0.0000000000             0.0000000000
             1.8210625148            -0.1798614644            -1.6245947737             0.0132590006            -0.0390866264             0.1101541828            -0.2242697751            -0.0187243795             6.5453169311             6.9622437140             0.2225643166            -0.4959562421            -0.0423667623             0.0021181041            -0.0008071675            -0.0002838661            -0.0015133756             0.0027141227             0.0150208559             0.0002355359            -0.0001437526            -0.0033340686            -0.0096511009             0.0236238810             0.0000000000             0.0000000000             0.0000000000             0.0000000000             0.0000000000             0.0000000000             0.0000000000             0.0000000000             0.0000000000             0.0000000000             0.0000000000             0.0000000000
             0.0602644493            -0.0341051301            -0.0259475616            -0.0012054373             0.0009802978             0.0013700950            -0.0032132504            -0.0007179151             0.1224228758             0.2225643166             0.2822628058             0.0060610190            -0.0004413772             0.0003111411             0.0001312219            -0.0003281553            -0.0001415536             0.0000626931            -0.0000095764             0.0000054545             0.0001527879             0.0002089306            -0.0002657914             0.0011301309             0.0000000000             0.0000000000             0.0000000000             0.0000000000             0.0000000000             0.0000000000             0.0000000000             0.0000000000             0.0000000000             0.0000000000             0.0000000000             0.0000000000
            -0.1198312515             0.0342155407             0.0887128003             0.0013473754            -0.0012195242            -0.0025635722             0.0045323104            -0.0002579912            -0.5152093802            -0.4959562421             0.0060610190             0.2750472506            -0.0021510176             0.0007252850             0.0000093310             0.0006306428             0.0003310845            -0.0016407031             0.0015072623            -0.0001489751             0.0003333786            -0.0041862140             0.0026968592            -0.0020340505             0.0000000000             0.0000000000             0.0000000000             0.0000000000             0.0000000000             0.0000000000             0.0000000000             0.0000000000             0.0000000000             0.0000000000             0.0000000000             0.0000000000
            -0.0246799717            -0.0094496039             0.0131940970             0.0000337085             0.0003342776             0.0013550602             0.0649394564             0.0104930558            -0.0474676629            -0.0423667623            -0.0004413772            -0.0021510176             0.2324329896            -0.0026266666             0.0004272266             0.0012208808             0.0004183015            -0.0009283026            -0.0080809672             0.0001560019            -0.0012944425             0.0017282163             0.0154055321            -0.1080722678             0.0000000000             0.0000000000             0.0000000000             0.0000000000             0.0000000000             0.0000000000             0.0000000000             0.0000000000             0.0000000000             0.0000000000             0.0000000000             0.0000000000
             0.0064259790             0.0015094106             0.0001111545             0.0000132832             0.0000581517            -0.0002677360            -0.0024817850            -0.0006839640             0.0028811484             0.0021181041             0.0003111411             0.0007252850            -0.0026266666             0.4481178871             0.1155344430            -0.0645636917             0.0038147095             0.0039337104             0.1457909690             0.0323757125             0.0280299014            -0.0176078149            -0.0005194553             0.0001681967             0.0000000000             0.0000000000             0.0000000000             0.0000000000             0.0000000000             0.0000000000             0.0000000000             0.0000000000             0.0000000000             0.0000000000             0.0000000000             0.0000000000
            -0.0028797587            -0.0057010187             0.0007568691            -0.0000170127            -0.0003505354            -0.0002307185             0.0025634816             0.0002997998            -0.0010856381            -0.0008071675             0.0001312219             0.0000093310             0.0004272266             0.1155344430             0.4652445037             0.1013684670             0.0026665878             0.0120544634             0.1357162655             0.0089945457            -0.0196346978            -0.0249469944            -0.0108608268            -0.0008530095             0.0000000000             0.0000000000             0.0000000000             0.0000000000             0.0000000000             0.0000000000             0.0000000000             0.0000000000             0.0000000000             0.0000000000             0.0000000000             0.0000000000
             0.0003551386             0.0012512577             0.0109601821            -0.0001758009            -0.0000117920            -0.0006299449            -0.0000017890            -0.0005083341            -0.0014249589            -0.0002838661            -0.0003281553             0.0006306428             0.0012208808            -0.0645636917             0.1013684670             0.4247990243            -0.0017916983             0.0070335161             0.0388446409            -0.0013310976            -0.0035040075            -0.0502545380             0.0397157277            -0.0048166102             0.0000000000             0.0000000000             0.0000000000             0.0000000000             0.0000000000             0.0000000000             0.0000000000             0.0000000000             0.0000000000             0.0000000000             0.0000000000             0.0000000000
            -0.0003368610            -0.0000681919             0.0002765728            -0.0000951942             0.0003293375             0.0003188000            -0.0001798491            -0.0001044987            -0.0015788642            -0.0015133756            -0.0001415536             0.0003310845             0.0004183015             0.0038147095             0.0026665878            -0.0017916983             0.3826005912             0.0030051807            -0.0235833952            -0.0011468102            -0.0016742764            -0.0008045917             0.0023787763             0.0001044607             0.0000000000             0.0000000000             0.0000000000             0.0000000000             0.0000000000             0.0000000000             0.0000000000             0.0000000000             0.0000000000             0.0000000000             0.0000000000             0.0000000000
             0.0009692978            -0.0006211819            -0.0010610566            -0.0000583333            -0.0000555145             0.0032509564            -0.0012802949            -0.0003337240             0.0033391598             0.0027141227             0.0000626931            -0.0016407031            -0.0009283026             0.0039337104             0.0120544634             0.0070335161             0.0030051807             0.3845552712             0.0250565094             0.0012115010             0.0013220374            -0.0006684970            -0.0062183733             0.0004325645             0.0000000000             0.0000000000             0.0000000000             0.0000000000             0.0000000000             0.0000000000             0.0000000000             0.0000000000             0.0000000000             0.0000000000             0.0000000000             0.0000000000
             0.0045612895             0.0008133637            -0.0033936712             0.0001085768            -0.0005518107            -0.0000807125            -0.0016038778            -0.0029774972             0.0156892077             0.0150208559            -0.0000095764             0.0015072623            -0.0080809672             0.1457909690             0.1357162655             0.0388446409            -0.0235833952             0.0250565094             0.7698688153             0.0260653871             0.1635234923            -0.0936962913            -0.0375086715             0.0024260854             0.0000000000             0.0000000000             0.0000000000             0.0000000000             0.0000000000             0.0000000000             0.0000000000             0.0000000000             0.0000000000             0.0000000000             0.0000000000             0.0000000000
             0.0000298767             0.0001709418             0.0001685226            -0.0000326042            -0.0001315582            -0.0001798641             0.0001041637             0.0000563004             0.0003096053             0.0002355359             0.0000054545            -0.0001489751             0.0001560019             0.0323757125             0.0089945457            -0.0013310976            -0.0011468102             0.0012115010             0.0260653871             0.1376135992            -0.0053899532             0.0060942828             0.0007665930             0.0000205047             0.0000000000             0.0000000000             0.0000000000             0.0000000000             0.0000000000             0.0000000000             0.0000000000             0.0000000000             0.0000000000             0.0000000000             0.0000000000             0.0000000000
             0.0001628861             0.0000291780             0.0000137745             0.0002136632            -0.0002219467             0.0000955164            -0.0004345957            -0.0003595698             0.0002557116            -0.0001437526             0.0001527879             0.0003333786            -0.0012944425             0.0280299014            -0.0196346978            -0.0035040075            -0.0016742764             0.0013220374             0.1635234923            -0.0053899532             0.2701266693             0.0047223122            -0.0073665966             0.0005380914             0.0000000000             0.0000000000             0.0000000000             0.0000000000             0.0000000000             0.0000000000             0.0000000000             0.0000000000             0.0000000000             0.0000000000             0.0000000000             0.0000000000
            -0.0018894202            -0.0007742973             0.0029816359             0.0002664946             0.0004166792            -0.0018705436             0.0009812990             0.0004975920            -0.0042557903            -0.0033340686             0.0002089306            -0.0041862140             0.0017282163            -0.0176078149            -0.0249469944            -0.0502545380            -0.0008045917            -0.0006684970            -0.0936962913             0.0060942828             0.0047223122             0.2611083836             0.0049341263             0.0015664502             0.0000000000             0.0000000000             0.0000000000             0.0000000000             0.0000000000             0.0000000000             0.0000000000             0.0000000000             0.0000000000             0.0000000000             0.0000000000             0.0000000000
             0.0000659593             0.0030804009             0.0065201629             0.0001669690             0.0000776359            -0.0017800703             0.0078503919             0.0088169124            -0.0095181048            -0.0096511009            -0.0002657914             0.0026968592             0.0154055321            -0.0005194553            -0.0108608268             0.0397157277             0.0023787763            -0.0062183733            -0.0375086715             0.0007665930            -0.0073665966             0.0049341263             0.2300605545            -0.0173871687             0.0000000000             0.0000000000             0.0000000000             0.0000000000             0.0000000000             0.0000000000             0.0000000000             0.0000000000             0.0000000000             0.0000000000             0.0000000000             0.0000000000
             0.0280602792             0.0199326423            -0.0001142043            -0.0002277625            -0.0004542787             0.0005503970             0.0034805813             0.0254123659             0.0247227930             0.0236238810             0.0011301309            -0.0020340505            -0.1080722678             0.0001681967            -0.0008530095            -0.0048166102             0.0001044607             0.0004325645             0.0024260854             0.0000205047             0.0005380914             0.0015664502            -0.0173871687             0.2668573458             0.0000000000             0.0000000000             0.0000000000             0.0000000000             0.0000000000             0.0000000000             0.0000000000             0.0000000000             0.0000000000             0.0000000000             0.0000000000             0.0000000000
             0.0000000000             0.0000000000             0.0000000000             0.0000000000             0.0000000000             0.0000000000             0.0000000000             0.0000000000             0.0000000000             0.0000000000             0.0000000000             0.0000000000             0.0000000000             0.0000000000             0.0000000000             0.0000000000             0.0000000000             0.0000000000             0.0000000000             0.0000000000             0.0000000000             0.0000000000             0.0000000000             0.0000000000             0.1679147500            -0.0614682207             0.0430296011             0.0398093602             0.1186607183            -0.0573778239            -0.0008641142            -0.0153960836             0.0011172952             0.0011463213             0.0035643755            -0.0016028112
             0.0000000000             0.0000000000             0.0000000000             0.0000000000             0.0000000000             0.0000000000             0.0000000000             0.0000000000             0.0000000000             0.0000000000             0.0000000000             0.0000000000             0.0000000000             0.0000000000             0.0000000000             0.0000000000             0.0000000000             0.0000000000             0.0000000000             0.0000000000             0.0000000000             0.0000000000             0.0000000000             0.0000000000            -0.0614682207             0.1252613759            -0.0269501587             0.0011327077             0.0127588081            -0.0061495464            -0.0004494931            -0.0011503260            -0.0013180842            -0.0006547751            -0.0000704211             0.0001257006
             0.0000000000             0.0000000000             0.0000000000             0.0000000000             0.0000000000             0.0000000000             0.0000000000             0.0000000000             0.0000000000             0.0000000000             0.0000000000             0.0000000000             0.0000000000             0.0000000000             0.0000000000             0.0000000000             0.0000000000             0.0000000000             0.0000000000             0.0000000000             0.0000000000             0.0000000000             0.0000000000             0.0000000000             0.0430296011            -0.0269501587             0.1250308703            -0.0224415223            -0.0397816811             0.0007791271             0.0002344494            -0.0003950116             0.0006535908             0.0007830656             0.0007963704            -0.0002562111
             0.0000000000             0.0000000000             0.0000000000             0.0000000000             0.0000000000             0.0000000000             0.0000000000             0.0000000000             0.0000000000             0.0000000000             0.0000000000             0.0000000000             0.0000000000             0.0000000000             0.0000000000             0.0000000000             0.0000000000             0.0000000000             0.0000000000             0.0000000000             0.0000000000             0.0000000000             0.0000000000             0.0000000000             0.0398093602             0.0011327077            -0.0224415223             0.1225007940             0.0341865980            -0.0303867317            -0.0010433207            -0.0054942773             0.0018026000             0.0003060989             0.0025459575             0.0003569708
             0.0000000000             0.0000000000             0.0000000000             0.0000000000             0.0000000000             0.0000000000             0.0000000000             0.0000000000             0.0000000000             0.0000000000             0.0000000000             0.0000000000             0.0000000000             0.0000000000             0.0000000000             0.0000000000             0.0000000000             0.0000000000             0.0000000000             0.0000000000             0.0000000000             0.0000000000             0.0000000000             0.0000000000             0.1186607183             0.0127588081            -0.0397816811             0.0341865980             0.2900187124            -0.1031586251            -0.0007156342            -0.0281166483            -0.0008474660             0.0001293569             0.0038070726            -0.0023940423
             0.0000000000             0.0000000000             0.0000000000             0.0000000000             0.0000000000             0.0000000000             0.0000000000             0.0000000000             0.0000000000             0.0000000000             0.0000000000             0.0000000000             0.0000000000             0.0000000000             0.0000000000             0.0000000000             0.0000000000             0.0000000000             0.0000000000             0.0000000000             0.0000000000             0.0000000000             0.0000000000             0.0000000000            -0.0573778239            -0.0061495464             0.0007791271            -0.0303867317            -0.1031586251             0.1483133035             0.0037096389             0.0312031838            -0.0013025135            -0.0002287709            -0.0038600420             0.0104401377
             0.0000000000             0.0000000000             0.0000000000             0.0000000000             0.0000000000             0.0000000000             0.0000000000             0.0000000000             0.0000000000             0.0000000000             0.0000000000             0.0000000000             0.0000000000             0.0000000000             0.0000000000             0.0000000000             0.0000000000             0.0000000000             0.0000000000             0.0000000000             0.0000000000             0.0000000000             0.0000000000             0.0000000000            -0.0008641142            -0.0004494931             0.0002344494            -0.0010433207            -0.0007156342             0.0037096389             0.4350330633            -0.0041695629             0.0111908124             0.0025398604            -0.0140703216            -0.0409223035
             0.0000000000             0.0000000000             0.0000000000             0.0000000000             0.0000000000             0.0000000000             0.0000000000             0.0000000000             0.0000000000             0.0000000000             0.0000000000             0.0000000000             0.0000000000             0.0000000000             0.0000000000             0.0000000000             0.0000000000             0.0000000000             0.0000000000             0.0000000000             0.0000000000             0.0000000000             0.0000000000             0.0000000000            -0.0153960836            -0.0011503260            -0.0003950116            -0.0054942773            -0.0281166483             0.0312031838            -0.0041695629             0.1957136206             0.0063805591             0.0012090454             0.0028150845            -0.0124118051
             0.0000000000             0.0000000000             0.0000000000             0.0000000000             0.0000000000             0.0000000000             0.0000000000             0.0000000000             0.0000000000             0.0000000000             0.0000000000             0.0000000000             0.0000000000             0.0000000000             0.0000000000             0.0000000000             0.0000000000             0.0000000000             0.0000000000             0.0000000000             0.0000000000             0.0000000000             0.0000000000             0.0000000000             0.0011172952            -0.0013180842             0.0006535908             0.0018026000            -0.0008474660            -0.0013025135             0.0111908124             0.0063805591             0.4609116778             0.1060684094             0.0807685456             0.0013537072
             0.0000000000             0.0000000000             0.0000000000             0.0000000000             0.0000000000             0.0000000000             0.0000000000             0.0000000000             0.0000000000             0.0000000000             0.0000000000             0.0000000000             0.0000000000             0.0000000000             0.0000000000             0.0000000000             0.0000000000             0.0000000000             0.0000000000             0.0000000000             0.0000000000             0.0000000000             0.0000000000             0.0000000000             0.0011463213            -0.0006547751             0.0007830656             0.0003060989             0.0001293569            -0.0002287709             0.0025398604             0.0012090454             0.1060684094             0.1259264212            -0.0142845584             0.0016282548
             0.0000000000             0.0000000000             0.0000000000             0.0000000000             0.0000000000             0.0000000000             0.0000000000             0.0000000000             0.0000000000             0.0000000000             0.0000000000             0.0000000000             0.0000000000             0.0000000000             0.0000000000             0.0000000000             0.0000000000             0.0000000000             0.0000000000             0.0000000000             0.0000000000             0.0000000000             0.0000000000             0.0000000000             0.0035643755            -0.0000704211             0.0007963704             0.0025459575             0.0038070726            -0.0038600420            -0.0140703216             0.0028150845             0.0807685456            -0.0142845584             0.1208582110             0.0039682104
             0.0000000000             0.0000000000             0.0000000000             0.0000000000             0.0000000000             0.0000000000             0.0000000000             0.0000000000             0.0000000000             0.0000000000             0.0000000000             0.0000000000             0.0000000000             0.0000000000             0.0000000000             0.0000000000             0.0000000000             0.0000000000             0.0000000000             0.0000000000             0.0000000000             0.0000000000             0.0000000000             0.0000000000            -0.0016028112             0.0001257006            -0.0002562111             0.0003569708            -0.0023940423             0.0104401377            -0.0409223035            -0.0124118051             0.0013537072             0.0016282548             0.0039682104            -0.0174844922
