             1.0428819407            -0.0066966706            -0.4245888764             0.0067651117             0.0004836435             0.0191865064            -0.0550650185            -0.0302133200             1.7686737602             1.7777364830             0.0599159369            -0.1223009044            -0.0291020222             0.0765632116            -0.0075183238            -0.0236041062             0.0000924987             0.0011492080             0.0222947394             0.0006860561            -0.0001805394            -0.0023295771             0.0045116226             0.0247799253             0.0000000000             0.0000000000             0.0000000000             0.0000000000             0.0000000000             0.0000000000             0.0000000000             0.0000000000             0.0000000000             0.0000000000             0.0000000000             0.0000000000
            -0.0066966706             0.6062217203             0.0696419165            -0.0013887578             0.0027200947             0.0013892013             0.0094493151            -0.0320966665            -0.2138042781            -0.1827760312            -0.0352379130             0.0377812660            -0.0103150197            -0.0316378051            -0.0008136437             0.0243488102            -0.0006331076             0.0000631659            -0.0173314428            -0.0003319629             0.0001568950            -0.0003305486            -0.0000278487             0.0211990122             0.0000000000             0.0000000000             0.0000000000             0.0000000000             0.0000000000             0.0000000000             0.0000000000             0.0000000000             0.0000000000             0.0000000000             0.0000000000             0.0000000000
            -0.4245888764             0.0696419165             0.9169732220            -0.0006497638             0.0016448777            -0.0186855785             0.0957171207            -0.0122107541            -1.5981384567            -1.6260955711            -0.0246747938             0.0895863952             0.0205870982            -0.0150906381             0.0011282436             0.0111143476             0.0002325008            -0.0013919938            -0.0019443376             0.0001992539            -0.0000922530             0.0043022859             0.0056597553             0.0048658501             0.0000000000             0.0000000000             0.0000000000             0.0000000000             0.0000000000             0.0000000000             0.0000000000             0.0000000000             0.0000000000             0.0000000000             0.0000000000             0.0000000000
             0.0067651117            -0.0013887578            -0.0006497638             0.3848635699             0.0036135566             0.0007759718            -0.0003063731             0.0000282694            -0.0122877656             0.0110285437            -0.0011275905             0.0006797791             0.0002012592             0.0004002018            -0.0001027918            -0.0005235563            -0.0001193964             0.0000521808             0.0005786606             0.0001221998             0.0002096995             0.0002048929             0.0001209637            -0.0000897270             0.0000000000             0.0000000000             0.0000000000             0.0000000000             0.0000000000             0.0000000000             0.0000000000             0.0000000000             0.0000000000             0.0000000000             0.0000000000             0.0000000000
             0.0004836435             0.0027200947             0.0016448777             0.0036135566             0.3873439299             0.0032951821             0.0001653479            -0.0001178244            -0.0016879511            -0.0276739345            -0.0020393256            -0.0015862001             0.0004638284            -0.0005158175            -0.0004378771             0.0000773014             0.0006027910             0.0001001326            -0.0002753238            -0.0001162218             0.0000294732             0.0003061562            -0.0000762159            -0.0003211297             0.0000000000             0.0000000000             0.0000000000             0.0000000000             0.0000000000             0.0000000000             0.0000000000             0.0000000000             0.0000000000             0.0000000000             0.0000000000             0.0000000000
             0.0191865064             0.0013892013            -0.0186855785             0.0007759718             0.0032951821             0.3897142443             0.0000056879             0.0004670983             0.0739881122             0.0797956632             0.0013518577            -0.0019451589             0.0005506257            -0.0008071816             0.0002664293             0.0005697468             0.0003114879             0.0034186034             0.0000944603            -0.0001242181             0.0000690045            -0.0023028256            -0.0013467350            -0.0000682109             0.0000000000             0.0000000000             0.0000000000             0.0000000000             0.0000000000             0.0000000000             0.0000000000             0.0000000000             0.0000000000             0.0000000000             0.0000000000             0.0000000000
            -0.0550650185             0.0094493151             0.0957171207            -0.0003063731             0.0001653479             0.0000056879             0.3281372935            -0.0129130599            -0.2088580350            -0.2017126983            -0.0018409596             0.0032894154             0.0720223092            -0.0116883286             0.0013889767             0.0075299418            -0.0003901096            -0.0009127824            -0.0049903011            -0.0000888182            -0.0002811790             0.0014016616             0.0076009338             0.0037205743             0.0000000000             0.0000000000             0.0000000000             0.0000000000             0.0000000000             0.0000000000             0.0000000000             0.0000000000             0.0000000000             0.0000000000             0.0000000000             0.0000000000
            -0.0302133200            -0.0320966665            -0.0122107541             0.0000282694            -0.0001178244             0.0004670983            -0.0129130599             0.4090195963            -0.0010265951             0.0006447619             0.0000114394            -0.0003533394             0.0181556945             0.0429900772            -0.0004665467            -0.0099065896             0.0003307588            -0.0003285073             0.0007705185             0.0000253925             0.0001286465             0.0001915652            -0.0011077341             0.0236893732             0.0000000000             0.0000000000             0.0000000000             0.0000000000             0.0000000000             0.0000000000             0.0000000000             0.0000000000             0.0000000000             0.0000000000             0.0000000000             0.0000000000
             1.7686737602            -0.2138042781            -1.5981384567            -0.0122877656            -0.0016879511             0.0739881122            -0.2088580350            -0.0010265951             6.5873994727             6.3163697387             0.1232556915            -0.5224495757            -0.0599267660             0.0995385750            -0.0069448318            -0.0422651021            -0.0007840732             0.0053715107             0.0431378330             0.0010285066            -0.0008810734            -0.0038872872            -0.0052570642             0.0146667671             0.0000000000             0.0000000000             0.0000000000             0.0000000000             0.0000000000             0.0000000000             0.0000000000             0.0000000000             0.0000000000             0.0000000000             0.0000000000             0.0000000000
             1.7777364830            -0.1827760312            -1.6260955711             0.0110285437            -0.0276739345             0.0797956632            -0.2017126983             0.0006447619             6.3163697387             6.7480835926             0.2300447468            -0.5050371895            -0.0550301425             0.0739958897            -0.0031973106            -0.0306042139            -0.0007054267             0.0054900212             0.0320682681             0.0005031167            -0.0008181234            -0.0012341284            -0.0058556244             0.0138292010             0.0000000000             0.0000000000             0.0000000000             0.0000000000             0.0000000000             0.0000000000             0.0000000000             0.0000000000             0.0000000000             0.0000000000             0.0000000000             0.0000000000
             0.0599159369            -0.0352379130            -0.0246747938            -0.0011275905            -0.0020393256             0.0013518577            -0.0018409596             0.0000114394             0.1232556915             0.2300447468             0.2893260731             0.0051141694            -0.0004693795             0.0007754647             0.0003247974            -0.0003645211             0.0000865499             0.0001614426            -0.0007139565            -0.0000036744             0.0001847883             0.0001320260            -0.0004060676             0.0011540173             0.0000000000             0.0000000000             0.0000000000             0.0000000000             0.0000000000             0.0000000000             0.0000000000             0.0000000000             0.0000000000             0.0000000000             0.0000000000             0.0000000000
            -0.1223009044             0.0377812660             0.0895863952             0.0006797791            -0.0015862001            -0.0019451589             0.0032894154            -0.0003533394            -0.5224495757            -0.5050371895             0.0051141694             0.2850579547            -0.0031383719             0.0010560159             0.0015938496             0.0029414590             0.0002753058            -0.0020391517             0.0036562544            -0.0001601232             0.0004216335            -0.0071698823             0.0039526319            -0.0022961201             0.0000000000             0.0000000000             0.0000000000             0.0000000000             0.0000000000             0.0000000000             0.0000000000             0.0000000000             0.0000000000             0.0000000000             0.0000000000             0.0000000000
            -0.0291020222            -0.0103150197             0.0205870982             0.0002012592             0.0004638284             0.0005506257             0.0720223092             0.0181556945            -0.0599267660            -0.0550301425            -0.0004693795            -0.0031383719             0.2349095426             0.0149235513             0.0017004855             0.0027462249             0.0003212134            -0.0006028309            -0.0041848611             0.0000053883            -0.0012041187             0.0013184848             0.0141572336            -0.1054427644             0.0000000000             0.0000000000             0.0000000000             0.0000000000             0.0000000000             0.0000000000             0.0000000000             0.0000000000             0.0000000000             0.0000000000             0.0000000000             0.0000000000
             0.0765632116            -0.0316378051            -0.0150906381             0.0004002018            -0.0005158175            -0.0008071816            -0.0116883286             0.0429900772             0.0995385750             0.0739958897             0.0007754647             0.0010560159             0.0149235513             0.9939013257            -0.0065527462            -0.3994032921             0.0094657944            -0.0077219962             0.4146863329             0.0433938369             0.0281767405            -0.0190196859             0.0239032590             0.0290070595             0.0000000000             0.0000000000             0.0000000000             0.0000000000             0.0000000000             0.0000000000             0.0000000000             0.0000000000             0.0000000000             0.0000000000             0.0000000000             0.0000000000
            -0.0075183238            -0.0008136437             0.0011282436            -0.0001027918            -0.0004378771             0.0002664293             0.0013889767            -0.0004665467            -0.0069448318            -0.0031973106             0.0003247974             0.0015938496             0.0017004855            -0.0065527462             0.4896941671             0.0833612665             0.0014587407             0.0088295860             0.0828806237             0.0099043006            -0.0246536352            -0.0221483308            -0.0106625678             0.0005418735             0.0000000000             0.0000000000             0.0000000000             0.0000000000             0.0000000000             0.0000000000             0.0000000000             0.0000000000             0.0000000000             0.0000000000             0.0000000000             0.0000000000
            -0.0236041062             0.0243488102             0.0111143476            -0.0005235563             0.0000773014             0.0005697468             0.0075299418            -0.0099065896            -0.0422651021            -0.0306042139            -0.0003645211             0.0029414590             0.0027462249            -0.3994032921             0.0833612665             0.6937315676            -0.0065505325             0.0085426742            -0.1594431059            -0.0015036132            -0.0035048343            -0.0487747346             0.0092022178             0.0021926610             0.0000000000             0.0000000000             0.0000000000             0.0000000000             0.0000000000             0.0000000000             0.0000000000             0.0000000000             0.0000000000             0.0000000000             0.0000000000             0.0000000000
             0.0000924987            -0.0006331076             0.0002325008            -0.0001193964             0.0006027910             0.0003114879            -0.0003901096             0.0003307588            -0.0007840732            -0.0007054267             0.0000865499             0.0002753058             0.0003212134             0.0094657944             0.0014587407            -0.0065505325             0.3859612049             0.0025355936            -0.0163875049            -0.0012038256            -0.0037008915            -0.0012199426             0.0026083206            -0.0000506254             0.0000000000             0.0000000000             0.0000000000             0.0000000000             0.0000000000             0.0000000000             0.0000000000             0.0000000000             0.0000000000             0.0000000000             0.0000000000             0.0000000000
             0.0011492080             0.0000631659            -0.0013919938             0.0000521808             0.0001001326             0.0034186034            -0.0009127824            -0.0003285073             0.0053715107             0.0054900212             0.0001614426            -0.0020391517            -0.0006028309            -0.0077219962             0.0088295860             0.0085426742             0.0025355936             0.3872990127             0.0118862018             0.0005228905             0.0010774509            -0.0006770688            -0.0068916519             0.0011597511             0.0000000000             0.0000000000             0.0000000000             0.0000000000             0.0000000000             0.0000000000             0.0000000000             0.0000000000             0.0000000000             0.0000000000             0.0000000000             0.0000000000
             0.0222947394            -0.0173314428            -0.0019443376             0.0005786606            -0.0002753238             0.0000944603            -0.0049903011             0.0007705185             0.0431378330             0.0320682681            -0.0007139565             0.0036562544            -0.0041848611             0.4146863329             0.0828806237            -0.1594431059            -0.0163875049             0.0118862018             0.8754506882             0.0338727422             0.1627078059            -0.1072234289            -0.0225497947             0.0039872789             0.0000000000             0.0000000000             0.0000000000             0.0000000000             0.0000000000             0.0000000000             0.0000000000             0.0000000000             0.0000000000             0.0000000000             0.0000000000             0.0000000000
             0.0006860561            -0.0003319629             0.0001992539             0.0001221998            -0.0001162218            -0.0001242181            -0.0000888182             0.0000253925             0.0010285066             0.0005031167            -0.0000036744            -0.0001601232             0.0000053883             0.0433938369             0.0099043006            -0.0015036132            -0.0012038256             0.0005228905             0.0338727422             0.1421667135            -0.0038406457             0.0064066418             0.0025667182            -0.0001798727             0.0000000000             0.0000000000             0.0000000000             0.0000000000             0.0000000000             0.0000000000             0.0000000000             0.0000000000             0.0000000000             0.0000000000             0.0000000000             0.0000000000
            -0.0001805394             0.0001568950            -0.0000922530             0.0002096995             0.0000294732             0.0000690045            -0.0002811790             0.0001286465            -0.0008810734            -0.0008181234             0.0001847883             0.0004216335            -0.0012041187             0.0281767405            -0.0246536352            -0.0035048343            -0.0037008915             0.0010774509             0.1627078059            -0.0038406457             0.2765268518             0.0031043726            -0.0085072908             0.0005244156             0.0000000000             0.0000000000             0.0000000000             0.0000000000             0.0000000000             0.0000000000             0.0000000000             0.0000000000             0.0000000000             0.0000000000             0.0000000000             0.0000000000
            -0.0023295771            -0.0003305486             0.0043022859             0.0002048929             0.0003061562            -0.0023028256             0.0014016616             0.0001915652            -0.0038872872            -0.0012341284             0.0001320260            -0.0071698823             0.0013184848            -0.0190196859            -0.0221483308            -0.0487747346            -0.0012199426            -0.0006770688            -0.1072234289             0.0064066418             0.0031043726             0.2705913764             0.0012939784             0.0017551382             0.0000000000             0.0000000000             0.0000000000             0.0000000000             0.0000000000             0.0000000000             0.0000000000             0.0000000000             0.0000000000             0.0000000000             0.0000000000             0.0000000000
             0.0045116226            -0.0000278487             0.0056597553             0.0001209637            -0.0000762159            -0.0013467350             0.0076009338            -0.0011077341            -0.0052570642            -0.0058556244            -0.0004060676             0.0039526319             0.0141572336             0.0239032590            -0.0106625678             0.0092022178             0.0026083206            -0.0068916519            -0.0225497947             0.0025667182            -0.0085072908             0.0012939784             0.2260124641            -0.0169580737             0.0000000000             0.0000000000             0.0000000000             0.0000000000             0.0000000000             0.0000000000             0.0000000000             0.0000000000             0.0000000000             0.0000000000             0.0000000000             0.0000000000
             0.0247799253             0.0211990122             0.0048658501            -0.0000897270            -0.0003211297            -0.0000682109             0.0037205743             0.0236893732             0.0146667671             0.0138292010             0.0011540173            -0.0022961201            -0.1054427644             0.0290070595             0.0005418735             0.0021926610            -0.0000506254             0.0011597511             0.0039872789            -0.0001798727             0.0005244156             0.0017551382            -0.0169580737             0.2468448802             0.0000000000             0.0000000000             0.0000000000             0.0000000000             0.0000000000             0.0000000000             0.0000000000             0.0000000000             0.0000000000             0.0000000000             0.0000000000             0.0000000000
             0.0000000000             0.0000000000             0.0000000000             0.0000000000             0.0000000000             0.0000000000             0.0000000000             0.0000000000             0.0000000000             0.0000000000             0.0000000000             0.0000000000             0.0000000000             0.0000000000             0.0000000000             0.0000000000             0.0000000000             0.0000000000             0.0000000000             0.0000000000             0.0000000000             0.0000000000             0.0000000000             0.0000000000             0.1282679737            -0.0700641059             0.0281235805             0.0302942998             0.0619813192            -0.0305346362             0.0069885605            -0.0259601710            -0.0000901800             0.0017191223             0.0052386226             0.0010740070
             0.0000000000             0.0000000000             0.0000000000             0.0000000000             0.0000000000             0.0000000000             0.0000000000             0.0000000000             0.0000000000             0.0000000000             0.0000000000             0.0000000000             0.0000000000             0.0000000000             0.0000000000             0.0000000000             0.0000000000             0.0000000000             0.0000000000             0.0000000000             0.0000000000             0.0000000000             0.0000000000             0.0000000000            -0.0700641059             0.1314869030            -0.0298369920             0.0034681879             0.0032667377            -0.0005793496            -0.0026791514            -0.0013209441            -0.0008283759            -0.0026730401            -0.0111956617             0.0022624694
             0.0000000000             0.0000000000             0.0000000000             0.0000000000             0.0000000000             0.0000000000             0.0000000000             0.0000000000             0.0000000000             0.0000000000             0.0000000000             0.0000000000             0.0000000000             0.0000000000             0.0000000000             0.0000000000             0.0000000000             0.0000000000             0.0000000000             0.0000000000             0.0000000000             0.0000000000             0.0000000000             0.0000000000             0.0281235805            -0.0298369920             0.1004559242            -0.0014029445            -0.0199987136             0.0120897030             0.0009257803            -0.0015295602             0.0004332549             0.0008481137             0.0014361275            -0.0001378966
             0.0000000000             0.0000000000             0.0000000000             0.0000000000             0.0000000000             0.0000000000             0.0000000000             0.0000000000             0.0000000000             0.0000000000             0.0000000000             0.0000000000             0.0000000000             0.0000000000             0.0000000000             0.0000000000             0.0000000000             0.0000000000             0.0000000000             0.0000000000             0.0000000000             0.0000000000             0.0000000000             0.0000000000             0.0302942998             0.0034681879            -0.0014029445             0.1030831225            -0.0133384634            -0.0301398657             0.0008874935            -0.0065982771             0.0005634112             0.0007030610             0.0015026880            -0.0002131484
             0.0000000000             0.0000000000             0.0000000000             0.0000000000             0.0000000000             0.0000000000             0.0000000000             0.0000000000             0.0000000000             0.0000000000             0.0000000000             0.0000000000             0.0000000000             0.0000000000             0.0000000000             0.0000000000             0.0000000000             0.0000000000             0.0000000000             0.0000000000             0.0000000000             0.0000000000             0.0000000000             0.0000000000             0.0619813192             0.0032667377            -0.0199987136            -0.0133384634             0.1493923507            -0.0461438605             0.0100738776            -0.0461359598             0.0044805231             0.0038473010             0.0087688223             0.0045753950
             0.0000000000             0.0000000000             0.0000000000             0.0000000000             0.0000000000             0.0000000000             0.0000000000             0.0000000000             0.0000000000             0.0000000000             0.0000000000             0.0000000000             0.0000000000             0.0000000000             0.0000000000             0.0000000000             0.0000000000             0.0000000000             0.0000000000             0.0000000000             0.0000000000             0.0000000000             0.0000000000             0.0000000000            -0.0305346362            -0.0005793496             0.0120897030            -0.0301398657            -0.0461438605             0.1145667259            -0.0043735596             0.0507924317            -0.0084199322            -0.0042226068            -0.0092327048             0.0073271000
             0.0000000000             0.0000000000             0.0000000000             0.0000000000             0.0000000000             0.0000000000             0.0000000000             0.0000000000             0.0000000000             0.0000000000             0.0000000000             0.0000000000             0.0000000000             0.0000000000             0.0000000000             0.0000000000             0.0000000000             0.0000000000             0.0000000000             0.0000000000             0.0000000000             0.0000000000             0.0000000000             0.0000000000             0.0069885605            -0.0026791514             0.0009257803             0.0008874935             0.0100738776            -0.0043735596             0.4334578709             0.0012544158             0.0084245692             0.0031580632            -0.0158169680            -0.0416752534
             0.0000000000             0.0000000000             0.0000000000             0.0000000000             0.0000000000             0.0000000000             0.0000000000             0.0000000000             0.0000000000             0.0000000000             0.0000000000             0.0000000000             0.0000000000             0.0000000000             0.0000000000             0.0000000000             0.0000000000             0.0000000000             0.0000000000             0.0000000000             0.0000000000             0.0000000000             0.0000000000             0.0000000000            -0.0259601710            -0.0013209441            -0.0015295602            -0.0065982771            -0.0461359598             0.0507924317             0.0012544158             0.1899700383             0.0071087990             0.0003877571             0.0034123691            -0.0115546618
             0.0000000000             0.0000000000             0.0000000000             0.0000000000             0.0000000000             0.0000000000             0.0000000000             0.0000000000             0.0000000000             0.0000000000             0.0000000000             0.0000000000             0.0000000000             0.0000000000             0.0000000000             0.0000000000             0.0000000000             0.0000000000             0.0000000000             0.0000000000             0.0000000000             0.0000000000             0.0000000000             0.0000000000            -0.0000901800            -0.0008283759             0.0004332549             0.0005634112             0.0044805231            -0.0084199322             0.0084245692             0.0071087990             0.3218671989             0.0758218409             0.1310643195            -0.0032351391
             0.0000000000             0.0000000000             0.0000000000             0.0000000000             0.0000000000             0.0000000000             0.0000000000             0.0000000000             0.0000000000             0.0000000000             0.0000000000             0.0000000000             0.0000000000             0.0000000000             0.0000000000             0.0000000000             0.0000000000             0.0000000000             0.0000000000             0.0000000000             0.0000000000             0.0000000000             0.0000000000             0.0000000000             0.0017191223            -0.0026730401             0.0008481137             0.0007030610             0.0038473010            -0.0042226068             0.0031580632             0.0003877571             0.0758218409             0.1316015798            -0.0044294050            -0.0000829087
             0.0000000000             0.0000000000             0.0000000000             0.0000000000             0.0000000000             0.0000000000             0.0000000000             0.0000000000             0.0000000000             0.0000000000             0.0000000000             0.0000000000             0.0000000000             0.0000000000             0.0000000000             0.0000000000             0.0000000000             0.0000000000             0.0000000000             0.0000000000             0.0000000000             0.0000000000             0.0000000000             0.0000000000             0.0052386226            -0.0111956617             0.0014361275             0.0015026880             0.0087688223            -0.0092327048            -0.0158169680             0.0034123691             0.1310643195            -0.0044294050             0.1321905543             0.0032586084
             0.0000000000             0.0000000000             0.0000000000             0.0000000000             0.0000000000             0.0000000000             0.0000000000             0.0000000000             0.0000000000             0.0000000000             0.0000000000             0.0000000000             0.0000000000             0.0000000000             0.0000000000             0.0000000000             0.0000000000             0.0000000000             0.0000000000             0.0000000000             0.0000000000             0.0000000000             0.0000000000             0.0000000000             0.0010740070             0.0022624694            -0.0001378966            -0.0002131484             0.0045753950             0.0073271000            -0.0416752534            -0.0115546618            -0.0032351391            -0.0000829087             0.0032586084            -0.0244900518
