Evaluation for diabatz
Yifan Shen 2021

Echo of user command line input:
/home/yshen/Software/Mine/diabatz/tools/eval/v1/eval.exe -d default pretrain-IntCoordDef pretrain-SAS.in pretrain-Hd.in pretrain-Hd.net pretrain-11.in pretrain-12.in pretrain-13.in pretrain-14.in pretrain-22.in pretrain-23.in pretrain-24.in pretrain-33.in pretrain-34.in pretrain-44.in default IntCoordDef SAS.in Hd.in Hd.net 11.in 12.in 13.in 14.in 22.in 23.in 24.in 33.in 34.in 44.in -x /home/yshen/C6H7N-aniline/Columbus/other/plot/C-NH2_oop/mex-B1-B2_somewhat-min-A1/4/geom.xyz -a

Fri Dec 16 21:05:12 2022

energy =
    9.609749e-03    1.836251e-01    1.897980e-01    2.413296e-01

states are:
    9.999647e-01    9.366782e-07    8.401948e-03    3.033315e-08
    8.401948e-03   -1.255134e-06   -9.999647e-01   -1.926357e-06
   -9.262040e-07    9.998372e-01   -1.297520e-06    1.804579e-02
    2.567578e-09   -1.804579e-02   -1.903439e-06    9.998372e-01

Fri Dec 16 21:05:12 2022
Mission success
