Evaluation for diabatz
Yifan Shen 2021

Echo of user command line input:
/home/yshen/Software/Mine/diabatz/tools/eval/v1/eval.exe -d default pretrain-IntCoordDef pretrain-SAS.in pretrain-Hd.in pretrain-Hd.net pretrain-11.in pretrain-12.in pretrain-13.in pretrain-14.in pretrain-22.in pretrain-23.in pretrain-24.in pretrain-33.in pretrain-34.in pretrain-44.in default IntCoordDef SAS.in Hd.in Hd.net 11.in 12.in 13.in 14.in 22.in 23.in 24.in 33.in 34.in 44.in -x /home/yshen/C6H7N-aniline/Columbus/other/plot/C-NH2_oop/mex-B1-B2_somewhat-min-A1/9/geom.xyz -a

Fri Dec 16 21:05:15 2022

energy =
    1.545154e-02    1.906970e-01    2.007527e-01    2.464395e-01

states are:
   -9.998133e-01    1.572707e-06    1.932464e-02    9.017056e-08
   -1.932464e-02    1.435013e-06   -9.998133e-01   -9.631883e-07
    1.601367e-06    9.997353e-01    1.381785e-06    2.300713e-02
    3.470678e-08   -2.300713e-02   -9.968057e-07    9.997353e-01

Fri Dec 16 21:05:15 2022
Mission success
