             0.9579208125             0.0081768438            -0.2934589891             0.0057538400            -0.0002491175            -0.0014749192            -0.0207371395            -0.0795148935             1.6503480557             1.6290761507             0.0656987071            -0.1179457760            -0.0760860546            -0.0110142221             0.0077639191             0.0109887790            -0.0017315886             0.0032078635             0.0117023553             0.0003844864            -0.0022225376            -0.0082986452             0.0155209348            -0.0592019381             0.0000000000             0.0000000000             0.0000000000             0.0000000000             0.0000000000             0.0000000000             0.0000000000             0.0000000000             0.0000000000             0.0000000000             0.0000000000             0.0000000000
             0.0081768438             0.5298482528             0.0673207110            -0.0006749125             0.0034565076            -0.0103245915             0.0199212361            -0.0312406004            -0.1774571255            -0.1615030575            -0.0351463180             0.0343735204            -0.0103952359             0.0337112762            -0.0088171334            -0.0225978847             0.0003394091            -0.0012253936             0.0186423251             0.0005673587            -0.0001802202            -0.0010034826             0.0067196977             0.0202732188             0.0000000000             0.0000000000             0.0000000000             0.0000000000             0.0000000000             0.0000000000             0.0000000000             0.0000000000             0.0000000000             0.0000000000             0.0000000000             0.0000000000
            -0.2934589891             0.0673207110             0.8499752764            -0.0012007449             0.0016184534            -0.0162427357             0.0843817334             0.0092308904            -1.4055388344            -1.4424412881            -0.0273348235             0.0871782358             0.0238202339            -0.0373862375            -0.0044559022             0.0405680830             0.0000561048            -0.0012571810            -0.0370267542            -0.0011846049             0.0028199442             0.0087688922            -0.0250419775             0.0456261592             0.0000000000             0.0000000000             0.0000000000             0.0000000000             0.0000000000             0.0000000000             0.0000000000             0.0000000000             0.0000000000             0.0000000000             0.0000000000             0.0000000000
             0.0057538400            -0.0006749125            -0.0012007449             0.3863847632             0.0036459995             0.0011881817            -0.0007403252             0.0000007577            -0.0119284848             0.0109752858            -0.0014537659             0.0007825635             0.0001858980            -0.0005973280             0.0000644902             0.0002312152            -0.0001327017             0.0000664434            -0.0002702765            -0.0001626289             0.0002097823             0.0002224372             0.0000173022            -0.0000631775             0.0000000000             0.0000000000             0.0000000000             0.0000000000             0.0000000000             0.0000000000             0.0000000000             0.0000000000             0.0000000000             0.0000000000             0.0000000000             0.0000000000
            -0.0002491175             0.0034565076             0.0016184534             0.0036459995             0.3864162747             0.0036910090             0.0000031599            -0.0003198578            -0.0030508356            -0.0276394638             0.0015254418            -0.0014056629             0.0004449774             0.0000379687            -0.0003771763            -0.0000461480             0.0004468575             0.0000910373            -0.0005790302            -0.0001184998            -0.0002404580             0.0003347948            -0.0000028870            -0.0002641180             0.0000000000             0.0000000000             0.0000000000             0.0000000000             0.0000000000             0.0000000000             0.0000000000             0.0000000000             0.0000000000             0.0000000000             0.0000000000             0.0000000000
            -0.0014749192            -0.0103245915            -0.0162427357             0.0011881817             0.0036910090             0.3880860140             0.0178353795            -0.0348738096             0.0624997790             0.0742149038            -0.0000979416            -0.0066172066            -0.0102538205             0.0545257072             0.0030594646            -0.0421805430             0.0008784811             0.0024682219             0.0458869088             0.0016709352            -0.0032470540            -0.0055533476             0.0330850814            -0.0341990769             0.0000000000             0.0000000000             0.0000000000             0.0000000000             0.0000000000             0.0000000000             0.0000000000             0.0000000000             0.0000000000             0.0000000000             0.0000000000             0.0000000000
            -0.0207371395             0.0199212361             0.0843817334            -0.0007403252             0.0000031599             0.0178353795             0.2781246462             0.0222210411            -0.1632907671            -0.1581069842            -0.0001838578             0.0054507815             0.0669539277            -0.0565292739             0.0088373991             0.0319213550            -0.0004850343            -0.0003302094            -0.0456441588            -0.0026427582             0.0034161525             0.0054847815            -0.0298417410             0.0300193580             0.0000000000             0.0000000000             0.0000000000             0.0000000000             0.0000000000             0.0000000000             0.0000000000             0.0000000000             0.0000000000             0.0000000000             0.0000000000             0.0000000000
            -0.0795148935            -0.0312406004             0.0092308904             0.0000007577            -0.0003198578            -0.0348738096             0.0222210411             0.4015639746            -0.0052949326            -0.0029662321            -0.0003276164            -0.0001669527             0.0212279020            -0.0125366375             0.0024476531             0.0058891187            -0.0000855000            -0.0000383165            -0.0070226695            -0.0000295934            -0.0002034239             0.0002542793            -0.0017615814             0.0235238926             0.0000000000             0.0000000000             0.0000000000             0.0000000000             0.0000000000             0.0000000000             0.0000000000             0.0000000000             0.0000000000             0.0000000000             0.0000000000             0.0000000000
             1.6503480557            -0.1774571255            -1.4055388344            -0.0119284848            -0.0030508356             0.0624997790            -0.1632907671            -0.0052949326             6.3825440212             6.1805080961             0.1235874694            -0.5343742866            -0.0529551082            -0.0431929348             0.0019315913             0.0296388771            -0.0019314114             0.0067838540            -0.0130637975            -0.0007155969             0.0010674837            -0.0037146739            -0.0152930759             0.0223235513             0.0000000000             0.0000000000             0.0000000000             0.0000000000             0.0000000000             0.0000000000             0.0000000000             0.0000000000             0.0000000000             0.0000000000             0.0000000000             0.0000000000
             1.6290761507            -0.1615030575            -1.4424412881             0.0109752858            -0.0276394638             0.0742149038            -0.1581069842            -0.0029662321             6.1805080961             6.6604679145             0.2267023802            -0.5185860306            -0.0475479548            -0.0308575353            -0.0006965888             0.0187446822            -0.0017141901             0.0062241860            -0.0060463778            -0.0005739042             0.0004264092            -0.0021728085            -0.0153086581             0.0231279673             0.0000000000             0.0000000000             0.0000000000             0.0000000000             0.0000000000             0.0000000000             0.0000000000             0.0000000000             0.0000000000             0.0000000000             0.0000000000             0.0000000000
             0.0656987071            -0.0351463180            -0.0273348235            -0.0014537659             0.0015254418            -0.0000979416            -0.0001838578            -0.0003276164             0.1235874694             0.2267023802             0.2903180407             0.0044817471            -0.0003845978             0.0006690573            -0.0005765561            -0.0003148369            -0.0001823591             0.0001476407             0.0003090800             0.0000459314             0.0003223183             0.0001581522            -0.0004557011             0.0013956592             0.0000000000             0.0000000000             0.0000000000             0.0000000000             0.0000000000             0.0000000000             0.0000000000             0.0000000000             0.0000000000             0.0000000000             0.0000000000             0.0000000000
            -0.1179457760             0.0343735204             0.0871782358             0.0007825635            -0.0014056629            -0.0066172066             0.0054507815            -0.0001669527            -0.5343742866            -0.5185860306             0.0044817471             0.2859959667            -0.0025636658             0.0022936927             0.0000919821             0.0013164818             0.0003098399            -0.0018340918             0.0043985795            -0.0001419177             0.0004559123            -0.0061754249             0.0037523782            -0.0022876430             0.0000000000             0.0000000000             0.0000000000             0.0000000000             0.0000000000             0.0000000000             0.0000000000             0.0000000000             0.0000000000             0.0000000000             0.0000000000             0.0000000000
            -0.0760860546            -0.0103952359             0.0238202339             0.0001858980             0.0004449774            -0.0102538205             0.0669539277             0.0212279020            -0.0529551082            -0.0475479548            -0.0003845978            -0.0025636658             0.2037828910            -0.0032573486             0.0046842936             0.0032453862             0.0001753529            -0.0004720091            -0.0079006756             0.0007140675            -0.0025248451             0.0004488931             0.0273090725            -0.0992390762             0.0000000000             0.0000000000             0.0000000000             0.0000000000             0.0000000000             0.0000000000             0.0000000000             0.0000000000             0.0000000000             0.0000000000             0.0000000000             0.0000000000
            -0.0110142221             0.0337112762            -0.0373862375            -0.0005973280             0.0000379687             0.0545257072            -0.0565292739            -0.0125366375            -0.0431929348            -0.0308575353             0.0006690573             0.0022936927            -0.0032573486             0.0449470574             0.1291644368             0.2885702256            -0.0029723548             0.0120049118            -0.1230824001             0.0261997617             0.0350552182            -0.0171475493            -0.0453837497             0.0076671470             0.0000000000             0.0000000000             0.0000000000             0.0000000000             0.0000000000             0.0000000000             0.0000000000             0.0000000000             0.0000000000             0.0000000000             0.0000000000             0.0000000000
             0.0077639191            -0.0088171334            -0.0044559022             0.0000644902            -0.0003771763             0.0030594646             0.0088373991             0.0024476531             0.0019315913            -0.0006965888            -0.0005765561             0.0000919821             0.0046842936             0.1291644368             0.4719716704             0.0407638148             0.0031130456             0.0078719093             0.1609950490             0.0088705875            -0.0204114131            -0.0244508842             0.0111085979            -0.0029772021             0.0000000000             0.0000000000             0.0000000000             0.0000000000             0.0000000000             0.0000000000             0.0000000000             0.0000000000             0.0000000000             0.0000000000             0.0000000000             0.0000000000
             0.0109887790            -0.0225978847             0.0405680830             0.0002312152            -0.0000461480            -0.0421805430             0.0319213550             0.0058891187             0.0296388771             0.0187446822            -0.0003148369             0.0013164818             0.0032453862             0.2885702256             0.0407638148             0.2619759830             0.0037298464            -0.0012288976             0.2522216204             0.0009149785             0.0005834587            -0.0615894237             0.0690117563            -0.0100773405             0.0000000000             0.0000000000             0.0000000000             0.0000000000             0.0000000000             0.0000000000             0.0000000000             0.0000000000             0.0000000000             0.0000000000             0.0000000000             0.0000000000
            -0.0017315886             0.0003394091             0.0000561048            -0.0001327017             0.0004468575             0.0008784811            -0.0004850343            -0.0000855000            -0.0019314114            -0.0017141901            -0.0001823591             0.0003098399             0.0001753529            -0.0029723548             0.0031130456             0.0037298464             0.3847548843             0.0027588851            -0.0223083433            -0.0011792745            -0.0003623430            -0.0010223689             0.0008110950             0.0002205521             0.0000000000             0.0000000000             0.0000000000             0.0000000000             0.0000000000             0.0000000000             0.0000000000             0.0000000000             0.0000000000             0.0000000000             0.0000000000             0.0000000000
             0.0032078635            -0.0012253936            -0.0012571810             0.0000664434             0.0000910373             0.0024682219            -0.0003302094            -0.0000383165             0.0067838540             0.0062241860             0.0001476407            -0.0018340918            -0.0004720091             0.0120049118             0.0078719093            -0.0012288976             0.0027588851             0.3868936456             0.0249462907             0.0006477749             0.0011924956            -0.0034304721            -0.0058545978             0.0009955065             0.0000000000             0.0000000000             0.0000000000             0.0000000000             0.0000000000             0.0000000000             0.0000000000             0.0000000000             0.0000000000             0.0000000000             0.0000000000             0.0000000000
             0.0117023553             0.0186423251            -0.0370267542            -0.0002702765            -0.0005790302             0.0458869088            -0.0456441588            -0.0070226695            -0.0130637975            -0.0060463778             0.0003090800             0.0043985795            -0.0079006756            -0.1230824001             0.1609950490             0.2522216204            -0.0223083433             0.0249462907             0.6183467070             0.0197163845             0.1731766974            -0.0975573086            -0.0377039601             0.0018537988             0.0000000000             0.0000000000             0.0000000000             0.0000000000             0.0000000000             0.0000000000             0.0000000000             0.0000000000             0.0000000000             0.0000000000             0.0000000000             0.0000000000
             0.0003844864             0.0005673587            -0.0011846049            -0.0001626289            -0.0001184998             0.0016709352            -0.0026427582            -0.0000295934            -0.0007155969            -0.0005739042             0.0000459314            -0.0001419177             0.0007140675             0.0261997617             0.0088705875             0.0009149785            -0.0011792745             0.0006477749             0.0197163845             0.1404593536            -0.0044338722             0.0064932164             0.0023160404            -0.0000019096             0.0000000000             0.0000000000             0.0000000000             0.0000000000             0.0000000000             0.0000000000             0.0000000000             0.0000000000             0.0000000000             0.0000000000             0.0000000000             0.0000000000
            -0.0022225376            -0.0001802202             0.0028199442             0.0002097823            -0.0002404580            -0.0032470540             0.0034161525            -0.0002034239             0.0010674837             0.0004264092             0.0003223183             0.0004559123            -0.0025248451             0.0350552182            -0.0204114131             0.0005834587            -0.0003623430             0.0011924956             0.1731766974            -0.0044338722             0.2779092138             0.0023307285            -0.0109583645             0.0006033676             0.0000000000             0.0000000000             0.0000000000             0.0000000000             0.0000000000             0.0000000000             0.0000000000             0.0000000000             0.0000000000             0.0000000000             0.0000000000             0.0000000000
            -0.0082986452            -0.0010034826             0.0087688922             0.0002224372             0.0003347948            -0.0055533476             0.0054847815             0.0002542793            -0.0037146739            -0.0021728085             0.0001581522            -0.0061754249             0.0004488931            -0.0171475493            -0.0244508842            -0.0615894237            -0.0010223689            -0.0034304721            -0.0975573086             0.0064932164             0.0023307285             0.2721404541             0.0012854293             0.0015347334             0.0000000000             0.0000000000             0.0000000000             0.0000000000             0.0000000000             0.0000000000             0.0000000000             0.0000000000             0.0000000000             0.0000000000             0.0000000000             0.0000000000
             0.0155209348             0.0067196977            -0.0250419775             0.0000173022            -0.0000028870             0.0330850814            -0.0298417410            -0.0017615814            -0.0152930759            -0.0153086581            -0.0004557011             0.0037523782             0.0273090725            -0.0453837497             0.0111085979             0.0690117563             0.0008110950            -0.0058545978            -0.0377039601             0.0023160404            -0.0109583645             0.0012854293             0.2294525046            -0.0148188075             0.0000000000             0.0000000000             0.0000000000             0.0000000000             0.0000000000             0.0000000000             0.0000000000             0.0000000000             0.0000000000             0.0000000000             0.0000000000             0.0000000000
            -0.0592019381             0.0202732188             0.0456261592            -0.0000631775            -0.0002641180            -0.0341990769             0.0300193580             0.0235238926             0.0223235513             0.0231279673             0.0013956592            -0.0022876430            -0.0992390762             0.0076671470            -0.0029772021            -0.0100773405             0.0002205521             0.0009955065             0.0018537988            -0.0000019096             0.0006033676             0.0015347334            -0.0148188075             0.2107617220             0.0000000000             0.0000000000             0.0000000000             0.0000000000             0.0000000000             0.0000000000             0.0000000000             0.0000000000             0.0000000000             0.0000000000             0.0000000000             0.0000000000
             0.0000000000             0.0000000000             0.0000000000             0.0000000000             0.0000000000             0.0000000000             0.0000000000             0.0000000000             0.0000000000             0.0000000000             0.0000000000             0.0000000000             0.0000000000             0.0000000000             0.0000000000             0.0000000000             0.0000000000             0.0000000000             0.0000000000             0.0000000000             0.0000000000             0.0000000000             0.0000000000             0.0000000000             0.0950409339            -0.0381754646             0.0415407248             0.0378398636             0.0607437130            -0.0538883989            -0.0009648636            -0.0117659351             0.0202922105            -0.0000200681             0.0004664193             0.0014847268
             0.0000000000             0.0000000000             0.0000000000             0.0000000000             0.0000000000             0.0000000000             0.0000000000             0.0000000000             0.0000000000             0.0000000000             0.0000000000             0.0000000000             0.0000000000             0.0000000000             0.0000000000             0.0000000000             0.0000000000             0.0000000000             0.0000000000             0.0000000000             0.0000000000             0.0000000000             0.0000000000             0.0000000000            -0.0381754646             0.1163199950            -0.0164471224            -0.0111091404             0.0032788962             0.0041621997             0.0013278367             0.0033486926            -0.0064222631            -0.0015356149            -0.0011165343            -0.0000212560
             0.0000000000             0.0000000000             0.0000000000             0.0000000000             0.0000000000             0.0000000000             0.0000000000             0.0000000000             0.0000000000             0.0000000000             0.0000000000             0.0000000000             0.0000000000             0.0000000000             0.0000000000             0.0000000000             0.0000000000             0.0000000000             0.0000000000             0.0000000000             0.0000000000             0.0000000000             0.0000000000             0.0000000000             0.0415407248            -0.0164471224             0.1358754417            -0.0256783785            -0.0268081204            -0.0107152709             0.0002580098            -0.0050017011             0.0047191033             0.0012400154             0.0006697172            -0.0037791137
             0.0000000000             0.0000000000             0.0000000000             0.0000000000             0.0000000000             0.0000000000             0.0000000000             0.0000000000             0.0000000000             0.0000000000             0.0000000000             0.0000000000             0.0000000000             0.0000000000             0.0000000000             0.0000000000             0.0000000000             0.0000000000             0.0000000000             0.0000000000             0.0000000000             0.0000000000             0.0000000000             0.0000000000             0.0378398636            -0.0111091404            -0.0256783785             0.1360615525             0.0058068789            -0.0119701701             0.0051117057            -0.0022056945             0.0066475613             0.0000468018            -0.0003047815             0.0012230683
             0.0000000000             0.0000000000             0.0000000000             0.0000000000             0.0000000000             0.0000000000             0.0000000000             0.0000000000             0.0000000000             0.0000000000             0.0000000000             0.0000000000             0.0000000000             0.0000000000             0.0000000000             0.0000000000             0.0000000000             0.0000000000             0.0000000000             0.0000000000             0.0000000000             0.0000000000             0.0000000000             0.0000000000             0.0607437130             0.0032788962            -0.0268081204             0.0058068789             0.1898521049            -0.0777976861             0.0022661447            -0.0079454649             0.0309734995            -0.0047733841            -0.0015272826             0.0057177360
             0.0000000000             0.0000000000             0.0000000000             0.0000000000             0.0000000000             0.0000000000             0.0000000000             0.0000000000             0.0000000000             0.0000000000             0.0000000000             0.0000000000             0.0000000000             0.0000000000             0.0000000000             0.0000000000             0.0000000000             0.0000000000             0.0000000000             0.0000000000             0.0000000000             0.0000000000             0.0000000000             0.0000000000            -0.0538883989             0.0041621997            -0.0107152709            -0.0119701701            -0.0777976861             0.1436893954            -0.0160940390             0.0442043912            -0.0666689684             0.0023821794            -0.0008584217             0.0093528517
             0.0000000000             0.0000000000             0.0000000000             0.0000000000             0.0000000000             0.0000000000             0.0000000000             0.0000000000             0.0000000000             0.0000000000             0.0000000000             0.0000000000             0.0000000000             0.0000000000             0.0000000000             0.0000000000             0.0000000000             0.0000000000             0.0000000000             0.0000000000             0.0000000000             0.0000000000             0.0000000000             0.0000000000            -0.0009648636             0.0013278367             0.0002580098             0.0051117057             0.0022661447            -0.0160940390             0.4186013044             0.0064435937             0.0404933134             0.0023150318            -0.0147596792            -0.0488433308
             0.0000000000             0.0000000000             0.0000000000             0.0000000000             0.0000000000             0.0000000000             0.0000000000             0.0000000000             0.0000000000             0.0000000000             0.0000000000             0.0000000000             0.0000000000             0.0000000000             0.0000000000             0.0000000000             0.0000000000             0.0000000000             0.0000000000             0.0000000000             0.0000000000             0.0000000000             0.0000000000             0.0000000000            -0.0117659351             0.0033486926            -0.0050017011            -0.0022056945            -0.0079454649             0.0442043912             0.0064435937             0.1284522415            -0.0225572591             0.0050304505             0.0014952393            -0.0377030315
             0.0000000000             0.0000000000             0.0000000000             0.0000000000             0.0000000000             0.0000000000             0.0000000000             0.0000000000             0.0000000000             0.0000000000             0.0000000000             0.0000000000             0.0000000000             0.0000000000             0.0000000000             0.0000000000             0.0000000000             0.0000000000             0.0000000000             0.0000000000             0.0000000000             0.0000000000             0.0000000000             0.0000000000             0.0202922105            -0.0064222631             0.0047191033             0.0066475613             0.0309734995            -0.0666689684             0.0404933134            -0.0225572591             0.4148947963             0.0894611511             0.0830514880            -0.0034000374
             0.0000000000             0.0000000000             0.0000000000             0.0000000000             0.0000000000             0.0000000000             0.0000000000             0.0000000000             0.0000000000             0.0000000000             0.0000000000             0.0000000000             0.0000000000             0.0000000000             0.0000000000             0.0000000000             0.0000000000             0.0000000000             0.0000000000             0.0000000000             0.0000000000             0.0000000000             0.0000000000             0.0000000000            -0.0000200681            -0.0015356149             0.0012400154             0.0000468018            -0.0047733841             0.0023821794             0.0023150318             0.0050304505             0.0894611511             0.1243461959            -0.0274136783             0.0065448046
             0.0000000000             0.0000000000             0.0000000000             0.0000000000             0.0000000000             0.0000000000             0.0000000000             0.0000000000             0.0000000000             0.0000000000             0.0000000000             0.0000000000             0.0000000000             0.0000000000             0.0000000000             0.0000000000             0.0000000000             0.0000000000             0.0000000000             0.0000000000             0.0000000000             0.0000000000             0.0000000000             0.0000000000             0.0004664193            -0.0011165343             0.0006697172            -0.0003047815            -0.0015272826            -0.0008584217            -0.0147596792             0.0014952393             0.0830514880            -0.0274136783             0.1211295405             0.0010575007
             0.0000000000             0.0000000000             0.0000000000             0.0000000000             0.0000000000             0.0000000000             0.0000000000             0.0000000000             0.0000000000             0.0000000000             0.0000000000             0.0000000000             0.0000000000             0.0000000000             0.0000000000             0.0000000000             0.0000000000             0.0000000000             0.0000000000             0.0000000000             0.0000000000             0.0000000000             0.0000000000             0.0000000000             0.0014847268            -0.0000212560            -0.0037791137             0.0012230683             0.0057177360             0.0093528517            -0.0488433308            -0.0377030315            -0.0034000374             0.0065448046             0.0010575007            -0.0800662680
