             0.9765167194             0.0008052892            -0.3296340220             0.0062789382             0.0008877997             0.0265048297            -0.0533500157            -0.0289565006             1.6108914839             1.6552572618             0.0615900519            -0.1229573585            -0.0129784925             0.0067540068             0.0174853205             0.0010886021            -0.0003150550             0.0009736587             0.0049876465            -0.0000936115             0.0004541445            -0.0138364264            -0.0185807748             0.0166556374             0.0000000000             0.0000000000             0.0000000000             0.0000000000             0.0000000000             0.0000000000             0.0000000000             0.0000000000             0.0000000000             0.0000000000             0.0000000000             0.0000000000
             0.0008052892             0.5752950620             0.0509137548            -0.0003570778             0.0033007942             0.0030725593             0.0072609658            -0.0247474575            -0.1567646991            -0.1467660366            -0.0357516773             0.0358687019            -0.0109829194            -0.0000207387             0.0105708515             0.0001712299            -0.0000242815            -0.0004634750            -0.0018822218             0.0000686545             0.0002384468             0.0013603311            -0.0068445225             0.0134765370             0.0000000000             0.0000000000             0.0000000000             0.0000000000             0.0000000000             0.0000000000             0.0000000000             0.0000000000             0.0000000000             0.0000000000             0.0000000000             0.0000000000
            -0.3296340220             0.0509137548             0.8448016287            -0.0006898746             0.0021867685            -0.0251070851             0.0805073740            -0.0000679044            -1.4048620699            -1.4722189761            -0.0256829527             0.0906838878             0.0038421470            -0.0020712102             0.0028852127             0.0122661028             0.0001872854            -0.0009652018            -0.0073029074             0.0001729265             0.0001048789             0.0172291529             0.0276599109             0.0174399097             0.0000000000             0.0000000000             0.0000000000             0.0000000000             0.0000000000             0.0000000000             0.0000000000             0.0000000000             0.0000000000             0.0000000000             0.0000000000             0.0000000000
             0.0062789382            -0.0003570778            -0.0006898746             0.3834260128             0.0037477653             0.0011638918             0.0001932774            -0.0000423464            -0.0201237289             0.0091670578            -0.0012599299             0.0012438516             0.0002366973             0.0000724723            -0.0003638634            -0.0001076480            -0.0000973873            -0.0000535796             0.0001809228             0.0000472664             0.0002238830            -0.0000476906             0.0002736934            -0.0001764548             0.0000000000             0.0000000000             0.0000000000             0.0000000000             0.0000000000             0.0000000000             0.0000000000             0.0000000000             0.0000000000             0.0000000000             0.0000000000             0.0000000000
             0.0008877997             0.0033007942             0.0021867685             0.0037477653             0.3842419915             0.0034475127             0.0006409159            -0.0000849098            -0.0042645115            -0.0356372083             0.0008734497            -0.0012649247             0.0001308687             0.0000777525            -0.0006454962            -0.0001208428             0.0002892809            -0.0000548171            -0.0005010466            -0.0001326417            -0.0000677398             0.0001205501            -0.0000363669            -0.0006395321             0.0000000000             0.0000000000             0.0000000000             0.0000000000             0.0000000000             0.0000000000             0.0000000000             0.0000000000             0.0000000000             0.0000000000             0.0000000000             0.0000000000
             0.0265048297             0.0030725593            -0.0251070851             0.0011638918             0.0034475127             0.3881457970             0.0011861645            -0.0002649403             0.1022053062             0.1110752636             0.0014046197            -0.0024018799             0.0012611246            -0.0004228311             0.0005552604            -0.0006951547             0.0003158776             0.0032098170             0.0000090350            -0.0001829390             0.0000850614            -0.0020265134            -0.0030120908            -0.0003585876             0.0000000000             0.0000000000             0.0000000000             0.0000000000             0.0000000000             0.0000000000             0.0000000000             0.0000000000             0.0000000000             0.0000000000             0.0000000000             0.0000000000
            -0.0533500157             0.0072609658             0.0805073740             0.0001932774             0.0006409159             0.0011861645             0.3309770039            -0.0021643574            -0.1842689906            -0.1900022709            -0.0036275010             0.0052156289             0.0634695176            -0.0027359431            -0.0198845538             0.0044599902            -0.0002009467            -0.0010674410            -0.0052603792            -0.0000032094             0.0001794751            -0.0010510646             0.0632687841             0.0507208430             0.0000000000             0.0000000000             0.0000000000             0.0000000000             0.0000000000             0.0000000000             0.0000000000             0.0000000000             0.0000000000             0.0000000000             0.0000000000             0.0000000000
            -0.0289565006            -0.0247474575            -0.0000679044            -0.0000423464            -0.0000849098            -0.0002649403            -0.0021643574             0.4092665082            -0.0262856845            -0.0222943968            -0.0006748741            -0.0003936005             0.0097040702            -0.0010821146             0.0363614988            -0.0039029492            -0.0001319355            -0.0004723861            -0.0019168514             0.0003372588            -0.0011155825            -0.0260511586            -0.0804513614            -0.0429110625             0.0000000000             0.0000000000             0.0000000000             0.0000000000             0.0000000000             0.0000000000             0.0000000000             0.0000000000             0.0000000000             0.0000000000             0.0000000000             0.0000000000
             1.6108914839            -0.1567646991            -1.4048620699            -0.0201237289            -0.0042645115             0.1022053062            -0.1842689906            -0.0262856845             5.9320068600             5.8753241434             0.1239559201            -0.5261152248            -0.0130925304             0.0121275145             0.0100014133            -0.0011923615            -0.0014533438             0.0031847136             0.0299499667             0.0002966913             0.0006977818            -0.0298189216            -0.0560663914            -0.0093941533             0.0000000000             0.0000000000             0.0000000000             0.0000000000             0.0000000000             0.0000000000             0.0000000000             0.0000000000             0.0000000000             0.0000000000             0.0000000000             0.0000000000
             1.6552572618            -0.1467660366            -1.4722189761             0.0091670578            -0.0356372083             0.1110752636            -0.1900022709            -0.0222943968             5.8753241434             6.4510268578             0.2258680066            -0.5060614085            -0.0181633558             0.0094968001             0.0073655747            -0.0032111336            -0.0012958763             0.0026442056             0.0284744898            -0.0001005400             0.0006590014            -0.0315532560            -0.0542284825            -0.0126558945             0.0000000000             0.0000000000             0.0000000000             0.0000000000             0.0000000000             0.0000000000             0.0000000000             0.0000000000             0.0000000000             0.0000000000             0.0000000000             0.0000000000
             0.0615900519            -0.0357516773            -0.0256829527            -0.0012599299             0.0008734497             0.0014046197            -0.0036275010            -0.0006748741             0.1239559201             0.2258680066             0.2866520001             0.0061013534            -0.0006495036             0.0004890582             0.0012224306            -0.0000954472             0.0000083673             0.0000545146             0.0000916397             0.0000434292             0.0001765085            -0.0000750414            -0.0008819355             0.0004323688             0.0000000000             0.0000000000             0.0000000000             0.0000000000             0.0000000000             0.0000000000             0.0000000000             0.0000000000             0.0000000000             0.0000000000             0.0000000000             0.0000000000
            -0.1229573585             0.0358687019             0.0906838878             0.0012438516            -0.0012649247            -0.0024018799             0.0052156289            -0.0003936005            -0.5261152248            -0.5060614085             0.0061013534             0.2789408903            -0.0016643910             0.0013169190             0.0011035731             0.0010044124             0.0003406221            -0.0018216438             0.0023102124            -0.0001332464             0.0003058343            -0.0031770231             0.0027051380            -0.0012925346             0.0000000000             0.0000000000             0.0000000000             0.0000000000             0.0000000000             0.0000000000             0.0000000000             0.0000000000             0.0000000000             0.0000000000             0.0000000000             0.0000000000
            -0.0129784925            -0.0109829194             0.0038421470             0.0002366973             0.0001308687             0.0012611246             0.0634695176             0.0097040702            -0.0130925304            -0.0181633558            -0.0006495036            -0.0016643910             0.2264577465            -0.0037024791             0.0155925019             0.0019647359             0.0004026321            -0.0008365202            -0.0099087875            -0.0001597018            -0.0006705226            -0.0177082926            -0.0352211018            -0.1575763774             0.0000000000             0.0000000000             0.0000000000             0.0000000000             0.0000000000             0.0000000000             0.0000000000             0.0000000000             0.0000000000             0.0000000000             0.0000000000             0.0000000000
             0.0067540068            -0.0000207387            -0.0020712102             0.0000724723             0.0000777525            -0.0004228311            -0.0027359431            -0.0010821146             0.0121275145             0.0094968001             0.0004890582             0.0013169190            -0.0037024791             0.5482845321            -0.0532680901             0.0051477036             0.0035006858             0.0050891596             0.1175768785             0.0355923191             0.0346651309            -0.0373994281             0.0439248906             0.0250710000             0.0000000000             0.0000000000             0.0000000000             0.0000000000             0.0000000000             0.0000000000             0.0000000000             0.0000000000             0.0000000000             0.0000000000             0.0000000000             0.0000000000
             0.0174853205             0.0105708515             0.0028852127            -0.0003638634            -0.0006454962             0.0005552604            -0.0198845538             0.0363614988             0.0100014133             0.0073655747             0.0012224306             0.0011035731             0.0155925019            -0.0532680901             0.4988694240             0.0057957340             0.0028456336             0.0133934535             0.0725379331             0.0053908222            -0.0234117514            -0.0175736795            -0.0347498316             0.0279231486             0.0000000000             0.0000000000             0.0000000000             0.0000000000             0.0000000000             0.0000000000             0.0000000000             0.0000000000             0.0000000000             0.0000000000             0.0000000000             0.0000000000
             0.0010886021             0.0001712299             0.0122661028            -0.0001076480            -0.0001208428            -0.0006951547             0.0044599902            -0.0039029492            -0.0011923615            -0.0032111336            -0.0000954472             0.0010044124             0.0019647359             0.0051477036             0.0057957340             0.5351823375            -0.0014316363             0.0070512044             0.0458732887             0.0013822308             0.0003268772            -0.0468631156            -0.0082423413            -0.0120719728             0.0000000000             0.0000000000             0.0000000000             0.0000000000             0.0000000000             0.0000000000             0.0000000000             0.0000000000             0.0000000000             0.0000000000             0.0000000000             0.0000000000
            -0.0003150550            -0.0000242815             0.0001872854            -0.0000973873             0.0002892809             0.0003158776            -0.0002009467            -0.0001319355            -0.0014533438            -0.0012958763             0.0000083673             0.0003406221             0.0004026321             0.0035006858             0.0028456336            -0.0014316363             0.3823944570             0.0030282187            -0.0259739437            -0.0010883162            -0.0018265847            -0.0017713962             0.0019460084            -0.0002102580             0.0000000000             0.0000000000             0.0000000000             0.0000000000             0.0000000000             0.0000000000             0.0000000000             0.0000000000             0.0000000000             0.0000000000             0.0000000000             0.0000000000
             0.0009736587            -0.0004634750            -0.0009652018            -0.0000535796            -0.0000548171             0.0032098170            -0.0010674410            -0.0004723861             0.0031847136             0.0026442056             0.0000545146            -0.0018216438            -0.0008365202             0.0050891596             0.0133934535             0.0070512044             0.0030282187             0.3845524292             0.0273839958             0.0012391159             0.0011903815             0.0000585618            -0.0069485071             0.0010093529             0.0000000000             0.0000000000             0.0000000000             0.0000000000             0.0000000000             0.0000000000             0.0000000000             0.0000000000             0.0000000000             0.0000000000             0.0000000000             0.0000000000
             0.0049876465            -0.0018822218            -0.0073029074             0.0001809228            -0.0005010466             0.0000090350            -0.0052603792            -0.0019168514             0.0299499667             0.0284744898             0.0000916397             0.0023102124            -0.0099087875             0.1175768785             0.0725379331             0.0458732887            -0.0259739437             0.0273839958             0.6243612349             0.0274085284             0.1651598274            -0.1000637587             0.0083428500             0.0224751855             0.0000000000             0.0000000000             0.0000000000             0.0000000000             0.0000000000             0.0000000000             0.0000000000             0.0000000000             0.0000000000             0.0000000000             0.0000000000             0.0000000000
            -0.0000936115             0.0000686545             0.0001729265             0.0000472664            -0.0001326417            -0.0001829390            -0.0000032094             0.0003372588             0.0002966913            -0.0001005400             0.0000434292            -0.0001332464            -0.0001597018             0.0355923191             0.0053908222             0.0013822308            -0.0010883162             0.0012391159             0.0274085284             0.1386681115            -0.0039655176             0.0071412047             0.0049679351             0.0003261838             0.0000000000             0.0000000000             0.0000000000             0.0000000000             0.0000000000             0.0000000000             0.0000000000             0.0000000000             0.0000000000             0.0000000000             0.0000000000             0.0000000000
             0.0004541445             0.0002384468             0.0001048789             0.0002238830            -0.0000677398             0.0000850614             0.0001794751            -0.0011155825             0.0006977818             0.0006590014             0.0001765085             0.0003058343            -0.0006705226             0.0346651309            -0.0234117514             0.0003268772            -0.0018265847             0.0011903815             0.1651598274            -0.0039655176             0.2724824434             0.0018019548            -0.0158572878             0.0004715992             0.0000000000             0.0000000000             0.0000000000             0.0000000000             0.0000000000             0.0000000000             0.0000000000             0.0000000000             0.0000000000             0.0000000000             0.0000000000             0.0000000000
            -0.0138364264             0.0013603311             0.0172291529            -0.0000476906             0.0001205501            -0.0020265134            -0.0010510646            -0.0260511586            -0.0298189216            -0.0315532560            -0.0000750414            -0.0031770231            -0.0177082926            -0.0373994281            -0.0175736795            -0.0468631156            -0.0017713962             0.0000585618            -0.1000637587             0.0071412047             0.0018019548             0.2568078102             0.0009534614            -0.0291443399             0.0000000000             0.0000000000             0.0000000000             0.0000000000             0.0000000000             0.0000000000             0.0000000000             0.0000000000             0.0000000000             0.0000000000             0.0000000000             0.0000000000
            -0.0185807748            -0.0068445225             0.0276599109             0.0002736934            -0.0000363669            -0.0030120908             0.0632687841            -0.0804513614            -0.0560663914            -0.0542284825            -0.0008819355             0.0027051380            -0.0352211018             0.0439248906            -0.0347498316            -0.0082423413             0.0019460084            -0.0069485071             0.0083428500             0.0049679351            -0.0158572878             0.0009534614             0.2592728893            -0.0542023718             0.0000000000             0.0000000000             0.0000000000             0.0000000000             0.0000000000             0.0000000000             0.0000000000             0.0000000000             0.0000000000             0.0000000000             0.0000000000             0.0000000000
             0.0166556374             0.0134765370             0.0174399097            -0.0001764548            -0.0006395321            -0.0003585876             0.0507208430            -0.0429110625            -0.0093941533            -0.0126558945             0.0004323688            -0.0012925346            -0.1575763774             0.0250710000             0.0279231486            -0.0120719728            -0.0002102580             0.0010093529             0.0224751855             0.0003261838             0.0004715992            -0.0291443399            -0.0542023718             0.1906513586             0.0000000000             0.0000000000             0.0000000000             0.0000000000             0.0000000000             0.0000000000             0.0000000000             0.0000000000             0.0000000000             0.0000000000             0.0000000000             0.0000000000
             0.0000000000             0.0000000000             0.0000000000             0.0000000000             0.0000000000             0.0000000000             0.0000000000             0.0000000000             0.0000000000             0.0000000000             0.0000000000             0.0000000000             0.0000000000             0.0000000000             0.0000000000             0.0000000000             0.0000000000             0.0000000000             0.0000000000             0.0000000000             0.0000000000             0.0000000000             0.0000000000             0.0000000000             0.0500445107            -0.0380205220             0.0182758038             0.0226890478             0.0177875188            -0.0182046051             0.0020251464            -0.0100019868            -0.0010146345            -0.0003212251             0.0037630510             0.0018132310
             0.0000000000             0.0000000000             0.0000000000             0.0000000000             0.0000000000             0.0000000000             0.0000000000             0.0000000000             0.0000000000             0.0000000000             0.0000000000             0.0000000000             0.0000000000             0.0000000000             0.0000000000             0.0000000000             0.0000000000             0.0000000000             0.0000000000             0.0000000000             0.0000000000             0.0000000000             0.0000000000             0.0000000000            -0.0380205220             0.0752054912            -0.0137286484             0.0005347930            -0.0076329439             0.0079345762             0.0011845228            -0.0009649114            -0.0002768819            -0.0000036097            -0.0007591360             0.0007702742
             0.0000000000             0.0000000000             0.0000000000             0.0000000000             0.0000000000             0.0000000000             0.0000000000             0.0000000000             0.0000000000             0.0000000000             0.0000000000             0.0000000000             0.0000000000             0.0000000000             0.0000000000             0.0000000000             0.0000000000             0.0000000000             0.0000000000             0.0000000000             0.0000000000             0.0000000000             0.0000000000             0.0000000000             0.0182758038            -0.0137286484             0.0718846799            -0.0064579395            -0.0252736277             0.0111573438             0.0014402034            -0.0016933881             0.0033238929             0.0011016403             0.0001548077            -0.0003927779
             0.0000000000             0.0000000000             0.0000000000             0.0000000000             0.0000000000             0.0000000000             0.0000000000             0.0000000000             0.0000000000             0.0000000000             0.0000000000             0.0000000000             0.0000000000             0.0000000000             0.0000000000             0.0000000000             0.0000000000             0.0000000000             0.0000000000             0.0000000000             0.0000000000             0.0000000000             0.0000000000             0.0000000000             0.0226890478             0.0005347930            -0.0064579395             0.0681483059             0.0056608864            -0.0129289693             0.0012963196            -0.0027629902             0.0039710198            -0.0007902019             0.0040557923             0.0000907278
             0.0000000000             0.0000000000             0.0000000000             0.0000000000             0.0000000000             0.0000000000             0.0000000000             0.0000000000             0.0000000000             0.0000000000             0.0000000000             0.0000000000             0.0000000000             0.0000000000             0.0000000000             0.0000000000             0.0000000000             0.0000000000             0.0000000000             0.0000000000             0.0000000000             0.0000000000             0.0000000000             0.0000000000             0.0177875188            -0.0076329439            -0.0252736277             0.0056608864             0.0749472888            -0.0267508055             0.0059166631            -0.0158718871            -0.0104651545            -0.0029344375             0.0021880266             0.0048142535
             0.0000000000             0.0000000000             0.0000000000             0.0000000000             0.0000000000             0.0000000000             0.0000000000             0.0000000000             0.0000000000             0.0000000000             0.0000000000             0.0000000000             0.0000000000             0.0000000000             0.0000000000             0.0000000000             0.0000000000             0.0000000000             0.0000000000             0.0000000000             0.0000000000             0.0000000000             0.0000000000             0.0000000000            -0.0182046051             0.0079345762             0.0111573438            -0.0129289693            -0.0267508055             0.0457614466            -0.0112302282             0.0215150067            -0.0008561829             0.0015074283            -0.0044420288             0.0015990443
             0.0000000000             0.0000000000             0.0000000000             0.0000000000             0.0000000000             0.0000000000             0.0000000000             0.0000000000             0.0000000000             0.0000000000             0.0000000000             0.0000000000             0.0000000000             0.0000000000             0.0000000000             0.0000000000             0.0000000000             0.0000000000             0.0000000000             0.0000000000             0.0000000000             0.0000000000             0.0000000000             0.0000000000             0.0020251464             0.0011845228             0.0014402034             0.0012963196             0.0059166631            -0.0112302282             0.4198776278             0.0004609917             0.0088411305             0.0024758033            -0.0137673261            -0.0380830714
             0.0000000000             0.0000000000             0.0000000000             0.0000000000             0.0000000000             0.0000000000             0.0000000000             0.0000000000             0.0000000000             0.0000000000             0.0000000000             0.0000000000             0.0000000000             0.0000000000             0.0000000000             0.0000000000             0.0000000000             0.0000000000             0.0000000000             0.0000000000             0.0000000000             0.0000000000             0.0000000000             0.0000000000            -0.0100019868            -0.0009649114            -0.0016933881            -0.0027629902            -0.0158718871             0.0215150067             0.0004609917             0.1837657209             0.0103284934             0.0023085831             0.0044307808            -0.0155919782
             0.0000000000             0.0000000000             0.0000000000             0.0000000000             0.0000000000             0.0000000000             0.0000000000             0.0000000000             0.0000000000             0.0000000000             0.0000000000             0.0000000000             0.0000000000             0.0000000000             0.0000000000             0.0000000000             0.0000000000             0.0000000000             0.0000000000             0.0000000000             0.0000000000             0.0000000000             0.0000000000             0.0000000000            -0.0010146345            -0.0002768819             0.0033238929             0.0039710198            -0.0104651545            -0.0008561829             0.0088411305             0.0103284934             0.1225154945             0.0456488334             0.0435071219             0.0079051531
             0.0000000000             0.0000000000             0.0000000000             0.0000000000             0.0000000000             0.0000000000             0.0000000000             0.0000000000             0.0000000000             0.0000000000             0.0000000000             0.0000000000             0.0000000000             0.0000000000             0.0000000000             0.0000000000             0.0000000000             0.0000000000             0.0000000000             0.0000000000             0.0000000000             0.0000000000             0.0000000000             0.0000000000            -0.0003212251            -0.0000036097             0.0011016403            -0.0007902019            -0.0029344375             0.0015074283             0.0024758033             0.0023085831             0.0456488334             0.0681236999            -0.0116501514             0.0037012290
             0.0000000000             0.0000000000             0.0000000000             0.0000000000             0.0000000000             0.0000000000             0.0000000000             0.0000000000             0.0000000000             0.0000000000             0.0000000000             0.0000000000             0.0000000000             0.0000000000             0.0000000000             0.0000000000             0.0000000000             0.0000000000             0.0000000000             0.0000000000             0.0000000000             0.0000000000             0.0000000000             0.0000000000             0.0037630510            -0.0007591360             0.0001548077             0.0040557923             0.0021880266            -0.0044420288            -0.0137673261             0.0044307808             0.0435071219            -0.0116501514             0.0586751258             0.0051959661
             0.0000000000             0.0000000000             0.0000000000             0.0000000000             0.0000000000             0.0000000000             0.0000000000             0.0000000000             0.0000000000             0.0000000000             0.0000000000             0.0000000000             0.0000000000             0.0000000000             0.0000000000             0.0000000000             0.0000000000             0.0000000000             0.0000000000             0.0000000000             0.0000000000             0.0000000000             0.0000000000             0.0000000000             0.0018132310             0.0007702742            -0.0003927779             0.0000907278             0.0048142535             0.0015990443            -0.0380830714            -0.0155919782             0.0079051531             0.0037012290             0.0051959661            -0.0208205781
